MEME version 5.5

ALPHABET= ACGT

strands: +

MOTIF WAGTTKNYHSWNMACTN motivo9

letter-probability matrix: alength= 4 w= 17 nsites= 51 E= 0
0.352941 0.156863 0.019608 0.470588
1.000000 0.000000 0.000000 0.000000
0.000000 0.000000 1.000000 0.000000
0.000000 0.000000 0.000000 1.000000
0.196078 0.019608 0.000000 0.784314
0.176471 0.019608 0.450980 0.352941
0.176471 0.431373 0.137255 0.254902
0.156863 0.313725 0.058824 0.470588
0.352941 0.333333 0.000000 0.313725
0.196078 0.450980 0.313725 0.039216
0.431373 0.039216 0.156863 0.372549
0.176471 0.450980 0.137255 0.235294
0.509804 0.294118 0.000000 0.196078
0.980392 0.000000 0.000000 0.019608
0.000000 1.000000 0.000000 0.000000
0.000000 0.000000 0.000000 1.000000
0.333333 0.137255 0.176471 0.352941