MEME version 5.5

ALPHABET= ACGT

strands: +

MOTIF RAGTNNNNNNNWNTNACTN motivo11

letter-probability matrix: alength= 4 w= 19 nsites= 45 E= 0
0.400000 0.000000 0.600000 0.000000
1.000000 0.000000 0.000000 0.000000
0.000000 0.000000 1.000000 0.000000
0.000000 0.000000 0.000000 1.000000
0.244444 0.066667 0.355556 0.333333
0.111111 0.200000 0.400000 0.288889
0.400000 0.088889 0.222222 0.288889
0.288889 0.222222 0.355556 0.133333
0.200000 0.177778 0.422222 0.200000
0.488889 0.200000 0.177778 0.133333
0.400000 0.333333 0.177778 0.088889
0.422222 0.177778 0.000000 0.400000
0.244444 0.200000 0.288889 0.266667
0.022222 0.155556 0.022222 0.800000
0.400000 0.022222 0.333333 0.244444
1.000000 0.000000 0.000000 0.000000
0.000000 1.000000 0.000000 0.000000
0.000000 0.000000 0.000000 1.000000
0.222222 0.177778 0.333333 0.266667