MEME version 5.5

ALPHABET= ACGT

strands: +

MOTIF NAGTNRNNNWAAWTACTA motivo10

letter-probability matrix: alength= 4 w= 18 nsites= 54 E= 0
0.240741 0.203704 0.407407 0.148148
1.000000 0.000000 0.000000 0.000000
0.000000 0.000000 1.000000 0.000000
0.000000 0.000000 0.000000 1.000000
0.351852 0.166667 0.333333 0.148148
0.518519 0.000000 0.314815 0.166667
0.166667 0.203704 0.333333 0.296296
0.240741 0.166667 0.148148 0.444444
0.425926 0.166667 0.259259 0.148148
0.425926 0.037037 0.037037 0.500000
0.648148 0.000000 0.296296 0.055556
0.944444 0.055556 0.000000 0.000000
0.518519 0.185185 0.000000 0.296296
0.037037 0.037037 0.166667 0.759259
0.666667 0.018519 0.166667 0.148148
0.000000 1.000000 0.000000 0.000000
0.000000 0.000000 0.000000 1.000000
0.666667 0.018519 0.129630 0.185185